scale = 0
alarm[0] = 15;

image_xscale = 0.02222222
image_yscale = 0.02222222